$ANSIBLE_VAULT;1.1;AES256
36343030393537373931373061343634623639383632633739356661393230646162303564313564
6665613661663838396365303262616431336635333834640a363662633434313462646264623634
31333962303138663165333233376232313935643936653836643333396438623639333765353034
3831303064616563320a393338383332643337333939633131396263363738386438353464656636
62356433313932333132383466333036376363663735363436336563386339366364663763303036
61623333353363386337333961373561653032353138303764376361616632653734303531623032
30356432333831656662393962643138633538653864316532313834333165306132356537386238
64343964316436336363626435306566363564323838353364353766363139653535633261396231
33303037326337303765333464633436356432653433383338653531373861323232383137303531
33343534663666623663636662383033386666653031633035393862623564616533356636663835
30623839613561313836646463613063356562336438616535383564396534383839376139383163
30336461623666353461373562616633386237616566333335353661393033666561633663393964
62393732383631316131313366323931333861376562363133393562663039663266363066656264
31643365373532313763313732393633313265666636366530376333376330623262313462623031
33356335623366323532303930373466326238346365346330343661663561363737666236383434
34623636383132373465623434633461653234393439306262353939373765623237666662333763
61643835623337333534336165666339336535343366376261383837373439346561333261373232
36363764333865393762353935643531333861633863633339643161346231323739386231666362
30323831313336353664626165396339366262613166353161653464393636353435353861326333
30623236613134633232656464333063363862653066613732326438646566313032303739353861
34623566393632323466326537323038336135656138313065613762366335386436643166643466
35336439373364616534373136656234393063623665653634656461343961383635643234393138
62613763373836616234613338313561393262353736613435336163303830633162633730303462
37313232636332323339333734303335353430303036313139366362353731653230623538616535
35646364663539393838663639386262616661626134646639653939383764383261663063313932
65336562383661363735366563643137656462636165616439353464653864316566386466303137
36636139303137306432333563303337373431626133633565613164656532656333633833656532
38393362326461653631316339376666643636303662393464363133323933646139626239663661
38373432623562636336363630336135353730313239353238353331616332383732306334363636
36613339616162353636336266643339346230613136393530666137363361396633663536663863
35313937633164623361613532653637353363333731643132613434333034303636373632626536
38343233663164373031653936653236326537313462376232653537393637623039643766613035
64343565326337636630336330646336346633626432336133626333636638303234303736323136
62313535373263663234626432353133656638633237393033616435333031346263323563363961
61376435623938643664303039646365323931336232636437326133366637663137663535666163
33386636323039363966636163643636343562393666303161316433663139643030353463663035
35613239326433666264643638643333373561633035613134646237663063316136393633333761
64303234623539643065616132313530376565316166646565383366323935373838366137633933
30313466333135623637646261613138396364353833613832346538616338353533346633346231
65383831386637633865353262643366396365363239636262626566313532646130336435623731
36383235646538633438636164613765396136356131366466643234623462656337643432643231
38383233346261396161383535323030643161653139356334613034626134373130623238346331
30366435666663383931363765396131636532326166326630326533356436363634636462386336
31336630363539343161306233363238656366363737363634366666613666636530653338343735
39326138326433376364313330643230306135326462373838613539643632633461376461373430
61373462346338656630343263396539346161616561623462636162636262666334333032623331
65636330323237353031333932633435326234326438663232303230326135623832623632356435
30633833373830343633643563336633626131356435366336613736613730653336316339643737
31626165636333333830666534346234313433653130316464356261313063373630353137623838
35313432313364393837646530656365333465346635336562376633396666613539616562616632
62626464613265366666386337623066653534326436343234393933376462343663356165383930
37346162393563396231353966366563396661356338366339643631313165343531353761323766
37343564326137363735386535646563383961306636343364623363616537633563383535643465
61366662666337373730666636623965643337353638353036303837333166666439303639613138
35623565626431373261333165643161363462343163323130363337636130313937303330386439
31313439633337336636313532326130373766383839333266653462626539366639363234616565
34336638353531383064383630666666363363303032653831633663323061633539626131613261
33373131376133386638383733663836666132373337383064373630613864616662386664633137
39643433373764616466373165376630346363393961393939663837633863633133336366366134
33313633666361616331346262653433323434343836663963336562663835363963363036343030
32373865346635623038386161633966393736313464373032316531366434346364366337616535
32356630333330376133336135623763623364396635323033313563326461323463393534323238
34386638373562366139373566383161356137623237623539326364316565316263646661656536
64663032303139376432313732653261383063326537323430613932626534623731303166383066
36643939656436303438633961306438353038383834373565653563646232386633653861663338
31303931383265633935303534633639386565306639623534343334653163346633343366623539
31323936663861356330653139656364313865383933653931386235383735373864323533353631
63373835663237626635383332643333313535633230323462343338326561623061326534656438
39666436633561356330343763323139346363363135633831643730323332333137303830643561
31376163393762386261356436373130636362623164356433393664393364353433313637313034
62653936653930613966633038326334316466383134346232356661333462343362356234303063
33386361373036313336313031383436386133613065616465613138343766333030646337616339
62316261383833326432303939373136323431316363393031326334363032333061353834306161
66343066353137646635306431326632333363366265386332383232396139633230663161653832
62623431323037316162346232613938333531373932636133356535313265326661383332623537
31303035636339666535383266643432323236326137343337373136623065636631323536343936
66393739326662303836623465663032393663393538383361333533373066323733353539303362
31343631303733326465626531626431613430666462326561393839336230343630346335623832
64643730623939303331383365386339323838313166393030303136306334336636343562616335
31353934306331633366313064633663343630383133336533636233353538633761303562356538
36653638356666393061666435393764613562623736313137316462666161346432396163643535
31303234313665653263623831326165623433323836373336336335383236393134316539323262
61313334666338346430393465623735323665646461303032663538653836336532373138646165
30386361636335616139616431316230366638633337313962666135616236363033313935346162
34323566373765366463353564346633366337646364303139626337626563313264666665643338
62336537316434393064353631393734646136623838616438373538303235316231383232303763
34303432623336663438336531386138656232616461313039613633393364616564393063323463
64343830623363633634
